0. 33221.0
9.17782 32583.3
18.3556 32601.8
27.5335 32524.8
36.7113 32475.4
45.8891 32458.6
55.0669 32247.9
64.2447 32266.1
73.4226 32162.5
82.6004 32363.8
91.7782 32209.2
100.956 32109.6
110.134 32144.5
119.312 32079.7
128.489 32038.3
137.667 31719.2
146.845 31675.6
156.023 31666.7
165.201 31532.7
174.379 31257.9
183.556 30941.5
192.734 30698.6
201.912 29996.8
211.09 29577.1
220.268 28859.5
229.446 28212.8
238.623 27426.
247.801 26582.9
256.979 25523.
266.157 24440.2
275.335 23263.6
284.512 21951.6
293.69 20631.8
302.868 19199.2
312.046 17731.3
321.224 16255.6
330.402 14848.8
339.579 13419.
348.757 12073.9
357.935 10839.5
367.113 9656.05
376.291 8470.87
385.468 7365.02
394.646 6338.25
403.824 5435.7
413.002 4606.63
422.18 3908.66
431.358 3299.6
440.535 2804.99
449.713 2368.35
458.891 2018.28
468.069 1719.9
477.247 1470.46
486.424 1260.66
495.602 1080.95
504.78 943.544
513.958 814.963
523.136 708.367
532.314 613.116
541.491 537.711
550.669 471.063
559.847 416.413
569.025 366.42
578.203 325.325
587.38 289.561
596.558 256.693
605.736 230.428
614.914 205.905
624.092 186.203
633.27 169.631
642.447 154.518
651.625 140.751
660.803 128.911
669.981 116.831
679.159 108.441
-1. 0.
