#This is a spline fit to data from s74713.hdf_beam_profile_noSSDwithDPR.txt
#provided by Sasha Shvydky. R95=375.9um
   0.00      0.99960
  10.17      0.92957
  20.34      1.07083
  30.51      1.08496
  40.68      1.09863
  50.85      1.06188
  61.02      1.07720
  71.19      1.06057
  81.36      1.03485
  91.53      1.07599
 101.69      1.10769
 111.86      1.10678
 122.03      1.06571
 132.20      1.06377
 142.37      1.10149
 152.54      1.06531
 162.71      1.07875
 172.88      1.06222
 183.05      1.05946
 193.22      1.04150
 203.39      1.03521
 213.56      1.05284
 223.73      1.00514
 233.90      0.99106
 244.07      0.97195
 254.24      0.92299
 264.41      0.88549
 274.58      0.83176
 284.75      0.78284
 294.92      0.73963
 305.08      0.66430
 315.25      0.60171
 325.42      0.53050
 335.59      0.45694
 345.76      0.39214
 355.93      0.32254
 366.10      0.26276
 376.27      0.21455
 386.44      0.15993
 396.61      0.12528
 406.78      0.09046
 416.95      0.06207
 427.12      0.04348
 437.29      0.02868
 447.46      0.01873
 457.63      0.01289
 467.80      0.00866
 477.97      0.00630
 488.14      0.00499
 498.31      0.00405
 508.47      0.00340
 518.64      0.00292
 528.81      0.00261
 538.98      0.00227
 549.15      0.00208
 559.32      0.00187
 569.49      0.00168
 579.66      0.00157
 589.83      0.00140
 600.00      0.00137
 -1. 0.
