#This is a spline fit to data from s75457_SN453.hdf_beam_profile_withSSDwithDPR.txt
#provided by Sasha Shvydky. R95=415.7um
   0.00      0.97293
  10.17      1.00370
  20.34      0.98331
  30.51      0.99786
  40.68      0.98667
  50.85      0.98733
  61.02      0.98968
  71.19      0.99053
  81.36      0.99827
  91.53      0.99133
 101.69      0.99490
 111.86      0.99055
 122.03      0.99046
 132.20      0.98545
 142.37      0.98433
 152.54      0.97754
 162.71      0.97184
 172.88      0.96359
 183.05      0.95246
 193.22      0.94355
 203.39      0.92660
 213.56      0.91323
 223.73      0.89240
 233.90      0.86527
 244.07      0.84160
 254.24      0.81131
 264.41      0.77842
 274.58      0.74066
 284.75      0.69925
 294.92      0.65621
 305.08      0.61002
 315.25      0.56472
 325.42      0.51401
 335.59      0.46888
 345.76      0.42034
 355.93      0.37406
 366.10      0.33015
 376.27      0.28828
 386.44      0.24906
 396.61      0.21189
 406.78      0.17786
 416.95      0.14720
 427.12      0.11957
 437.29      0.09548
 447.46      0.07507
 457.63      0.05824
 467.80      0.04449
 477.97      0.03378
 488.14      0.02536
 498.31      0.01917
 508.47      0.01445
 518.64      0.01091
 528.81      0.00827
 538.98      0.00630
 549.15      0.00495
 559.32      0.00390
 569.49      0.00319
 579.66      0.00267
 589.83      0.00229
 600.00      0.00203
 -1. 0.
